start=3714.220859
pause=yes
volume=98.000000
sub-pos=98
