start=1.534867
ab-loop-a=0.166833
