start=493.266000
speed=1.331000
