start=616.716100
speed=1.331000
sub-visibility=no
