start=665.831833
speed=1.464100
