start=50.417033
speed=1.100000
