start=1472.537733
speed=1.100000
