start=230.900000
speed=1.210000
