start=13772.500000
speed=1.610510
