start=985.550000
audio-delay=0.300000
deinterlace=yes
