volume=98.000000
ab-loop-a=106.166667
