start=500.833000
speed=1.331000
fullscreen=yes
