start=771.687583
speed=1.210000
