start=607.607011
volume=102.000000
audio-delay=-0.400000
