start=1683.600000
video-aspect-override=1.777778
