start=2.602600
speed=1.100000
