start=123.133333
volume=98.000000
